20120101  11.1
20120102  10.2
20120103   1.7
20120104  -2.0
20120105   3.9
20120106   8.9
20120107  15.7
20120108   7.3
20120109   4.5
20120110   8.5
20120111   3.6
20120112   5.6
20120113  12.3
20120114   1.3
20120115  -7.0
20120116   1.3
20120117   9.0
20120118  11.2
20120119   0.7
20120120   0.1
20120121  -4.9
20120122  -1.1
20120123   8.4
20120124  13.5
20120125   6.2
20120126   5.1
20120127   7.8
20120128   7.9
20120129   6.3
20120130   4.6
20120131   8.5
20120201  15.0
20120202   7.4
20120203   3.9
20120204   6.3
20120205   2.4
20120206  10.2
20120207   7.8
20120208   3.5
20120209   8.5
20120210  10.0
20120211   4.0
20120212  -0.9
20120213   5.1
20120214   6.7
20120215   6.1
20120216   7.3
20120217  11.8
20120218   8.4
20120219   7.9
20120220   5.1
20120221   6.9
20120222  13.9
20120223  12.8
20120224   5.7
20120225   7.4
20120226   5.1
20120227  11.2
20120228   9.1
20120229   2.3
20120301   2.8
20120302   1.8
20120303   8.4
20120304   5.7
20120305   3.5
20120306   4.0
20120307  16.9
20120308  20.1
20120309  16.2
20120310   4.6
20120311  14.7
20120312  21.8
20120313  21.9
20120314  14.0
20120315   5.7
20120316   7.9
20120317   9.6
20120318  23.5
20120319  23.4
20120320  19.5
20120321  25.7
20120322  28.4
20120323  24.6
20120324  15.1
20120325   9.0
20120326  10.0
20120327   9.6
20120328  10.1
20120329   7.8
20120330  10.8
20120331   6.2
20120401  10.6
20120402  11.7
20120403  15.1
20120404  17.9
20120405  11.2
20120406  11.9
20120407  11.2
20120408  10.1
20120409  14.5
20120410  17.3
20120411  12.4
20120412  13.5
20120413  18.6
20120414  21.9
20120415  25.2
20120416  30.7
20120417  29.0
20120418  16.8
20120419  19.0
20120420  25.2
20120421  25.7
20120422  16.7
20120423  17.4
20120424  14.7
20120425  16.7
20120426  17.3
20120427  14.1
20120428  15.7
20120429  15.2
20120430  12.4
20120501  10.1
20120502  11.3
20120503  10.0
20120504  13.5
20120505  14.5
20120506  12.4
20120507  15.1
20120508  14.6
20120509  17.3
20120510  19.5
20120511  18.0
20120512  26.8
20120513  26.7
20120514  18.0
20120515  23.0
20120516  22.9
20120517  21.2
20120518  18.5
20120519  18.9
20120520  21.8
20120521  15.1
20120522  17.3
20120523  21.7
20120524  21.7
20120525  23.4
20120526  30.2
20120527  22.3
20120528  20.8
20120529  19.6
20120530  24.1
20120531  28.5
20120601  18.6
20120602  16.7
20120603  16.7
20120604  11.7
20120605  13.4
20120606  16.3
20120607  18.5
20120608  26.3
20120609  26.2
20120610  24.5
20120611  23.5
20120612  23.5
20120613  18.3
20120614  20.2
20120615  20.7
20120616  18.5
20120617  17.4
20120618  18.0
20120619  24.7
20120620  36.3
20120621  35.8
20120622  35.2
20120623  27.3
20120624  28.9
20120625  22.9
20120626  23.0
20120627  25.1
20120628  28.4
20120629  31.9
20120630  32.3
20120701  32.9
20120702  29.1
20120703  30.2
20120704  29.0
20120705  28.4
20120706  26.8
20120707  30.1
20120708  31.7
20120709  28.9
20120710  28.5
20120711  26.7
20120712  30.1
20120713  32.4
20120714  32.9
20120715  32.8
20120716  31.2
20120717  36.1
20120718  31.7
20120719  23.5
20120720  21.8
20120721  23.4
20120722  28.9
20120723  30.2
20120724  32.8
20120725  28.4
20120726  29.1
20120727  26.3
20120728  22.4
20120729  23.0
20120730  27.2
20120731  22.8
20120801  25.6
20120802  30.2
20120803  33.4
20120804  27.8
20120805  31.2
20120806  29.5
20120807  25.1
20120808  28.3
20120809  28.5
20120810  28.9
20120811  27.4
20120812  29.0
20120813  30.0
20120814  28.4
20120815  29.0
20120816  29.6
20120817  30.0
20120818  22.3
20120819  22.9
20120820  23.9
20120821  28.5
20120822  25.6
20120823  30.6
20120824  25.6
20120825  25.2
20120826  24.7
20120827  29.6
20120828  30.1
20120829  24.0
20120830  28.5
20120831  32.4
20120901  26.7
20120902  22.9
20120903  22.3
20120904  22.8
20120905  27.9
20120906  26.3
20120907  28.0
20120908  27.9
20120909  24.1
20120910  20.6
20120911  22.8
20120912  22.9
20120913  27.9
20120914  27.2
20120915  23.4
20120916  21.7
20120917  21.2
20120918  24.1
20120919  22.4
20120920  16.7
20120921  17.3
20120922  19.6
20120923  21.9
20120924  19.6
20120925  23.0
20120926  23.3
20120927  20.6
20120928  14.7
20120929  14.1
20120930  15.2
20121001  20.1
20121002  21.8
20121003  17.9
20121004  16.9
20121005  24.7
20121006  25.6
20121007  14.6
20121008  13.4
20121009  14.5
20121010  16.8
20121011  15.2
20121012  12.3
20121013  11.8
20121014  19.5
20121015  23.4
20121016  17.4
20121017  13.4
20121018  15.7
20121019  20.2
20121020  23.5
20121021  17.9
20121022  20.2
20121023  19.7
20121024  12.8
20121025  15.2
20121026  18.9
20121027  15.6
20121028  13.3
20121029  16.3
20121030  17.4
20121031  13.5
20121101  13.9
20121102  11.2
20121103  11.9
20121104  11.7
20121105   7.4
20121106   5.2
20121107   7.2
20121108   4.7
20121109  11.7
20121110  13.0
20121111  16.1
20121112  19.1
20121113  17.4
20121114   7.3
20121115   5.2
20121116   7.4
20121117   8.5
20121118   8.5
20121119   8.9
20121120   9.1
20121121   9.5
20121122  10.2
20121123   9.6
20121124   9.0
20121125   4.7
20121126   7.9
20121127   4.0
20121128   2.3
20121129   6.3
20121130   3.6
20121201   0.1
20121202  11.2
20121203  15.1
20121204  14.0
20121205  14.0
20121206   5.1
20121207   6.8
20121208   8.5
20121209   9.6
20121210  15.7
20121211  13.4
20121212   4.6
20121213   5.6
20121214   9.6
20121215   4.5
20121216   3.9
20121217   7.2
20121218  10.1
20121219   7.4
20121220   6.2
20121221  11.3
20121222   3.6
20121223   3.5
20121224   4.6
20121225   1.9
20121226   4.0
20121227   8.4
20121228   2.8
20121229   3.0
20121230  -1.1
20121231   1.1
